1034	18	3	2016	19.65	21.15	19.450001	20.889999
1033	17	3	2016	21.08	22.870001	19.35	19.82
1032	16	3	2016	22.99	23.200001	21.35	21.73
1031	15	3	2016	20.809999	22.75	20.4	22.07
1030	14	3	2016	23.49	23.9	21.889999	23.25
1029	11	3	2016	22.66	23.75	21.799999	23.049999
1028	10	3	2016	24.209999	26.620001	23.5	23.559999
1027	9	3	2016	26.93	27.559999	24.610001	25.48
1026	8	3	2016	28.23	29.540001	27	27.68
1025	7	3	2016	30.23	30.629999	26.23	27.459999
1024	4	3	2016	31.82	32.130001	29.73	30.01
1023	3	3	2016	31.969999	32.279999	28.9	32.119999
1022	2	3	2016	29.67	30.4	27.719999	30.200001
1021	1	3	2016	28.32	29.58	25.110001	26.83
1020	29	2	2016	28.66	28.950001	27.200001	28.9
1019	26	2	2016	25.6	27.440001	24.690001	25.02
1018	25	2	2016	24.6	26.66	24.43	25.290001
1017	24	2	2016	23.58	23.799999	22.23	23.309999
1016	23	2	2016	22.450001	23.870001	22.43	23.43
1015	22	2	2016	22.360001	22.82	21.280001	22.24
1014	19	2	2016	20.790001	22.360001	20.780001	22.120001
1013	18	2	2016	19.549999	20.35	18.67	20.280001
1012	17	2	2016	19.459999	19.559999	17.57	17.83
1011	16	2	2016	19.33	19.860001	18.85	18.91
1010	12	2	2016	17.309999	18	17.24	17.52
1009	11	2	2016	15.67	17.219999	15.33	16.93
1008	10	2	2016	15.67	16.35	15.57	15.72
1007	9	2	2016	14.68	15.13	14.22	14.97
1006	8	2	2016	13.71	14.77	13.35	14.26
1005	5	2	2016	16.610001	16.73	15.42	15.89
1004	4	2	2016	17.889999	18.620001	16.889999	17.780001
1003	3	2	2016	17.030001	17.74	15.93	16.209999
1002	2	2	2016	17.280001	17.879999	16.4	16.549999
1001	1	2	2016	14.17	14.75	14.11	14.47
1000	29	1	2016	12.52	12.73	11.84	11.86
999	28	1	2016	16.02	16.209999	13.53	13.54
998	27	1	2016	14.56	15.35	13.78	15.07
997	26	1	2016	14.8	15.75	14.33	14.93
996	25	1	2016	16.049999	16.48	14.59	15.29
995	22	1	2016	15.34	15.58	14.57	14.88
994	21	1	2016	15.15	16.299999	14.11	14.86
993	20	1	2016	15.61	16.540001	15.1	15.34
992	19	1	2016	14.68	16.18	14.63	16.049999
991	15	1	2016	14.92	15.87	14.9	15.45
990	14	1	2016	13.5	14.76	13.16	14.57
989	13	1	2016	12.84	12.91	11.89	12.48
988	12	1	2016	12.36	13.22	12.17	12.93
987	11	1	2016	10.91	11.54	10.9	11.36
986	8	1	2016	11.2	11.32	9.91	10.12
985	7	1	2016	12.98	13.02	10.68	11.45
984	6	1	2016	12.54	13.95	12.02	13.27
983	5	1	2016	13.65	13.67	12.34	12.56
982	4	1	2016	12.11	13.28	11.82	13.05
981	31	12	2015	12.64	13.07	11.6	12.52
980	30	12	2015	14.22	15.27	13.85	13.95
979	29	12	2015	12.53	13.38	12.14	13.22
978	28	12	2015	17.209999	17.459999	14.51	14.57
977	24	12	2015	19.690001	21.110001	19.41	20
976	23	12	2015	24.07	24.790001	20.26	20.92
975	22	12	2015	24.42	24.620001	22.870001	23.620001
974	21	12	2015	25.889999	26.25	21.85	22.66
973	18	12	2015	27.1	28.799999	26.889999	28.18
972	17	12	2015	26.85	28.49	25.6	28.389999
971	16	12	2015	27.440001	29.440001	25.76	26.860001
970	15	12	2015	26.17	28.469999	26.059999	28.299999
969	14	12	2015	24.85	25.68	24.469999	24.690001
968	11	12	2015	22.200001	22.65	21.309999	22.33
967	10	12	2015	20.469999	21.42	18.809999	21.4
966	9	12	2015	19.049999	20.26	18.610001	19.83
965	8	12	2015	20.09	20.620001	19.139999	19.42
964	7	12	2015	18.24	19.780001	18.15	19.610001
963	4	12	2015	16.889999	17.290001	16.65	16.969999
962	3	12	2015	18.1	18.1	16.540001	16.83
961	2	12	2015	16.67	17.639999	16.6	17.24
960	1	12	2015	15.73	16.74	15.36	15.98
959	30	11	2015	16.209999	16.299999	15.56	16.040001
958	27	11	2015	15.98	16.51	15.76	16.059999
957	25	11	2015	14.85	15.14	13.81	14.73
956	24	11	2015	15.22	15.29	14.03	14.46
955	23	11	2015	14.59	14.95	13.78	14.21
954	20	11	2015	14.05	14.96	13.95	14.86
953	19	11	2015	12.17	13.26	11.6	13.25
952	18	11	2015	11.42	12.02	11.31	11.94
951	17	11	2015	11.96	12.07	11.05	11.37
950	16	11	2015	11.45	11.56	10.75	11.42
949	13	11	2015	12.04	12.32	11.24	11.25
948	12	11	2015	12.75	12.91	12.28	12.33
947	11	11	2015	11.91	12.76	11.77	12.4
946	10	11	2015	11.56	12.01	11.39	11.92
945	9	11	2015	12.15	12.71	12.09	12.25
944	6	11	2015	11.96	12.09	10.94	11.67
943	5	11	2015	12.37	12.5	11.1	11.31
942	4	11	2015	12.55	13.31	12.23	13
941	3	11	2015	13.57	13.64	12.72	13.05
940	2	11	2015	13.42	13.59	13.01	13.32
939	30	10	2015	14.07	14.09	12.01	12.21
938	29	10	2015	12.15	13.78	11.52	13.45
937	28	10	2015	12.73	13.26	12.47	12.77
936	27	10	2015	11.65	11.94	10.94	11.66
935	26	10	2015	11.05	12.05	11.04	11.64
934	23	10	2015	9.87	10.32	9.74	10.13
933	22	10	2015	9.07	9.53	8.76	9.3
932	21	10	2015	8.84	9.21	8.82	9.04
931	20	10	2015	8.26	8.49	8.15	8.29
930	19	10	2015	8.46	8.59	8.22	8.51
929	16	10	2015	8.42	8.66	8.4	8.62
928	15	10	2015	7.58	8.32	7.48	8.2
927	14	10	2015	7.92	8.1	7.71	7.77
926	13	10	2015	7.89	8.08	7.57	7.97
925	12	10	2015	7.84	7.96	7.64	7.69
924	9	10	2015	8.04	8.13	7.84	7.87
923	8	10	2015	8.1	8.2	7.78	8.14
922	7	10	2015	7.85	8.32	7.72	8.24
921	6	10	2015	8.58	8.63	8.17	8.33
920	5	10	2015	8.44	8.63	8.12	8.44
919	2	10	2015	8.82	8.9	8.4	8.53
918	1	10	2015	8.23	8.87	8.04	8.74
917	30	9	2015	7.37	7.99	7.37	7.82
916	29	9	2015	7.13	7.38	7.04	7.34
915	28	9	2015	6.38	6.9	6.37	6.74
914	25	9	2015	6.97	7.26	6.97	7.04
913	24	9	2015	7.04	7.34	6.69	6.74
912	23	9	2015	6.91	7.08	6.8	7
911	22	9	2015	6.95	7.01	6.84	6.99
910	21	9	2015	7.03	7.05	6.8	6.96
909	18	9	2015	6.57	6.72	6.47	6.67
908	17	9	2015	6.29	6.38	6.16	6.31
907	16	9	2015	6.13	6.28	6.06	6.23
906	15	9	2015	5.79	5.93	5.67	5.88
905	14	9	2015	6.06	6.08	5.66	5.76
904	11	9	2015	6.14	6.18	6	6.13
903	10	9	2015	6.26	6.33	5.85	6.24
902	9	9	2015	6.28	6.46	6.24	6.35
901	8	9	2015	6.18	6.21	5.93	6.06
900	4	9	2015	6.2	6.45	6.14	6.41
899	3	9	2015	6.58	6.61	5.89	6.02
898	2	9	2015	6.41	6.6	6.36	6.59
897	1	9	2015	6.06	6.37	6.03	6.26
896	31	8	2015	6.37	6.53	6.22	6.25
895	28	8	2015	6.04	6.22	6.01	6.04
894	27	8	2015	6.35	6.58	6.13	6.36
893	26	8	2015	6.19	6.27	6.11	6.26
892	25	8	2015	6.33	6.5	6.17	6.18
891	24	8	2015	6.55	6.57	6.13	6.4
890	21	8	2015	5.96	6.24	5.92	6.18
889	20	8	2015	5.98	6	5.5	5.71
888	19	8	2015	5.9	6.07	5.86	5.98
887	18	8	2015	6.01	6.05	5.85	5.89
886	17	8	2015	5.74	5.87	5.7	5.75
885	14	8	2015	5.42	5.52	5.34	5.4
884	13	8	2015	4.9	5.52	4.88	5.39
883	12	8	2015	5.08	5.1	4.84	4.9
882	11	8	2015	5.4	5.58	5.27	5.3
881	10	8	2015	5.33	5.49	5.3	5.36
880	7	8	2015	5.61	5.82	5.47	5.6
879	6	8	2015	5.97	5.99	5.38	5.57
878	5	8	2015	5.3	5.69	5.28	5.69
877	4	8	2015	5.55	5.75	5.48	5.57
876	3	8	2015	5.96	6.21	5.87	5.9
875	31	7	2015	5.78	6.2	5.77	6.12
874	30	7	2015	5.58	5.84	5.4	5.74
873	29	7	2015	5.41	5.48	5.27	5.34
872	28	7	2015	5.65	5.76	5.4	5.6
871	27	7	2015	5.7	5.78	5.57	5.75
870	24	7	2015	5.73	5.85	5.64	5.79
869	23	7	2015	5.1	5.62	4.86	5.55
868	22	7	2015	5.13	5.41	5.09	5.18
867	21	7	2015	5.23	5.35	5.17	5.19
866	20	7	2015	5.67	5.7	5.27	5.51
865	17	7	2015	5.41	5.51	5.23	5.25
864	16	7	2015	5.24	5.49	5.14	5.37
863	15	7	2015	5.29	5.41	5.14	5.22
862	14	7	2015	5.25	5.64	5.22	5.58
861	13	7	2015	5.51	5.57	5.3	5.45
860	10	7	2015	5.92	6.05	5.74	5.99
859	9	7	2015	6.6	6.86	6.21	6.27
858	8	7	2015	6.14	6.63	6.14	6.54
857	7	7	2015	6.31	6.54	6.27	6.3
856	6	7	2015	6.1	6.12	5.92	6.06
855	2	7	2015	5.7	5.76	5.3	5.67
854	1	7	2015	5.75	6.07	5.74	5.96
853	30	6	2015	6.13	6.13	5.63	5.7
852	29	6	2015	5.75	6.07	5.58	5.84
851	26	6	2015	5.88	6.06	5.73	5.98
850	25	6	2015	5.81	5.94	5.49	5.56
849	24	6	2015	6.15	6.28	5.97	6.03
848	23	6	2015	5.88	6.37	5.84	6.24
847	22	6	2015	6.25	6.27	6.11	6.18
846	19	6	2015	6.08	6.11	5.59	5.75
845	18	6	2015	5.6	5.98	5.41	5.87
844	17	6	2015	5.16	5.58	5	5.46
843	16	6	2015	5.51	5.69	5.29	5.29
842	15	6	2015	5.72	5.78	5.3	5.31
841	12	6	2015	5.96	6.29	5.85	6.21
840	11	6	2015	5.38	5.84	5.3	5.81
839	10	6	2015	5.55	5.81	5.37	5.43
838	9	6	2015	6.03	6.11	5.67	5.76
837	8	6	2015	7.03	7.16	6.67	6.74
836	5	6	2015	7.77	7.82	7.56	7.78
835	4	6	2015	7.45	7.96	7.11	7.43
834	3	6	2015	7.17	7.45	7.12	7.35
833	2	6	2015	7.42	7.7	6.84	6.87
832	1	6	2015	7.42	7.43	7.1	7.23
831	29	5	2015	7.09	7.41	7.03	7.24
830	28	5	2015	6.38	6.89	6.28	6.77
829	27	5	2015	6.01	6.13	5.88	5.99
828	26	5	2015	5.96	6.14	5.89	5.95
827	22	5	2015	5.34	5.59	5.25	5.56
826	21	5	2015	5.13	5.26	4.75	5.13
825	20	5	2015	5	5.43	4.93	5.26
824	19	5	2015	4.54	5.23	4.45	5.06
823	18	5	2015	4.74	4.97	4.69	4.82
822	15	5	2015	4.89	5.05	4.75	4.83
821	14	5	2015	5.45	5.51	4.84	4.88
820	13	5	2015	5.61	5.69	5.1	5.27
819	12	5	2015	5.6	5.64	5.31	5.48
818	11	5	2015	5.77	6.15	5.64	6.03
817	8	5	2015	5.8	6.05	5.64	5.75
816	7	5	2015	6.26	6.88	6.14	6.65
815	6	5	2015	6.38	6.5	6.12	6.48
814	5	5	2015	6.32	6.5	6.16	6.34
813	4	5	2015	6.54	6.63	6.13	6.22
812	1	5	2015	6.67	6.71	6.3	6.47
811	30	4	2015	8.28	8.42	6.51	6.81
810	29	4	2015	8.42	8.47	7.92	8.15
809	28	4	2015	8.79	8.99	8.6	8.74
808	27	4	2015	9.12	9.19	8.89	8.96
807	24	4	2015	8.22	8.52	8.1	8.35
806	23	4	2015	8.12	8.4	7.96	8.22
805	22	4	2015	7.77	7.8	7.54	7.73
804	21	4	2015	7.97	8.14	7.8	8
803	20	4	2015	8.28	8.38	8.11	8.3
802	17	4	2015	7.39	7.6	7.26	7.52
801	16	4	2015	8.1	8.4	7.17	7.2
800	15	4	2015	8.29	8.32	7.74	7.95
799	14	4	2015	8.5	8.77	8.43	8.64
798	13	4	2015	8.69	9.09	8.5	8.85
797	10	4	2015	8.47	8.86	8.41	8.78
796	9	4	2015	7.82	8.66	7.71	8.49
795	8	4	2015	7.58	7.87	7.5	7.78
794	7	4	2015	7.5	7.52	7.13	7.45
793	6	4	2015	7.58	7.65	7.46	7.53
792	2	4	2015	7.89	7.94	7.03	7.11
791	1	4	2015	7.96	8.26	7.92	8.06
790	31	3	2015	7.64	7.8	7.5	7.8
789	30	3	2015	7.53	7.79	7.48	7.76
788	27	3	2015	7.67	7.95	7.62	7.64
787	26	3	2015	6.88	7.5	6.82	7.41
786	25	3	2015	6.68	7.03	6.68	6.9
785	24	3	2015	6.44	6.68	6.33	6.54
784	23	3	2015	7	7.15	6.72	6.84
783	20	3	2015	5.96	6.66	5.7	6.53
782	19	3	2015	6.21	6.57	6.15	6.34
781	18	3	2015	6.61	6.65	5.76	5.9
780	17	3	2015	6.34	6.74	6.19	6.25
779	16	3	2015	7.41	7.45	7.01	7.02
778	13	3	2015	7.37	7.4	6.93	7.1
777	12	3	2015	6.4	7.08	6.2	6.96
776	11	3	2015	6.82	6.92	6.3	6.44
775	10	3	2015	7.25	7.36	7.08	7.22
774	9	3	2015	7.41	7.63	7.15	7.47
773	6	3	2015	6.68	6.8	6.29	6.51
772	5	3	2015	7	7.11	6.32	6.49
771	4	3	2015	7.05	7.29	6.95	7.02
770	3	3	2015	7.61	7.82	7.32	7.54
769	2	3	2015	7.31	7.69	7.18	7.59
768	27	2	2015	7.4	7.56	7.23	7.51
767	26	2	2015	6.9	7.69	6.7	7.68
766	25	2	2015	6.12	6.7	5.95	6.48
765	24	2	2015	6.32	6.42	5.78	6.32
764	23	2	2015	5.95	6.52	5.83	6.37
763	20	2	2015	5.81	6.1	5.62	5.86
762	19	2	2015	6.66	6.95	6.36	6.68
761	18	2	2015	7.13	7.37	6.57	6.81
760	17	2	2015	7.12	7.72	7.05	7.09
759	13	2	2015	7.9	8	6.96	7.1
758	12	2	2015	7.03	7.89	6.95	7.59
757	11	2	2015	6.63	7.43	6.63	6.88
756	10	2	2015	8.16	8.39	7.43	7.99
755	9	2	2015	8.82	9.15	8.65	8.77
754	6	2	2015	8.88	9.12	8.59	9.07
753	5	2	2015	8.63	9.05	8.32	8.87
752	4	2	2015	7.77	8.38	7.77	8.25
751	3	2	2015	8.28	8.49	7.28	7.53
750	2	2	2015	8.36	8.85	8.1	8.22
749	30	1	2015	8.27	8.45	7.9	8.15
748	29	1	2015	6.99	8.21	6.87	7.86
747	28	1	2015	6.91	7.28	6.73	6.91
746	27	1	2015	6.51	6.64	6.17	6.63
745	26	1	2015	6.85	7.24	6.49	6.96
744	23	1	2015	6.65	6.74	6.27	6.47
743	22	1	2015	6.96	7.75	6.82	7.13
742	21	1	2015	6.87	7.32	6.41	6.54
741	20	1	2015	6.94	7.57	6.9	7.04
740	16	1	2015	6.37	6.39	5.46	6.1
739	15	1	2015	5.26	6.29	4.9	5.67
738	14	1	2015	6.42	6.51	5.11	5.12
737	13	1	2015	8.4	8.57	7.32	7.47
736	12	1	2015	8.12	8.92	8.09	8.73
735	9	1	2015	7.56	8.11	7.4	7.53
734	8	1	2015	8.39	8.52	7.59	7.68
733	7	1	2015	7.66	8.65	7.18	8.16
732	6	1	2015	8.25	8.63	7.63	7.69
731	5	1	2015	6.74	8.28	6.74	7.79
730	2	1	2015	7.61	7.71	6.57	7.7
729	31	12	2014	7.35	8.39	7.25	8.04
728	30	12	2014	6.97	7.04	6.79	6.9
727	29	12	2014	7.02	7.16	6.26	6.49
726	26	12	2014	7.44	7.77	7.27	7.39
725	24	12	2014	6.83	7.45	6.77	7.23
724	23	12	2014	6.77	6.88	6.37	6.49
723	22	12	2014	6.32	6.71	6.12	6.3
722	19	12	2014	5.04	5.29	4.98	5.2
721	18	12	2014	4.17	4.58	4.08	4.45
720	17	12	2014	4.41	4.59	4.38	4.46
719	16	12	2014	4.63	4.79	4.5	4.65
718	15	12	2014	4.1	4.43	4.02	4.33
717	12	12	2014	4.32	4.42	4.05	4.22
716	11	12	2014	4.46	4.78	4.21	4.62
715	10	12	2014	4.61	4.76	4.33	4.48
714	9	12	2014	4.77	4.83	4.44	4.73
713	8	12	2014	4.59	4.93	4.55	4.79
712	5	12	2014	4.51	4.62	4.14	4.24
711	4	12	2014	4.49	4.86	4.46	4.84
710	3	12	2014	4.28	4.44	4.17	4.32
709	2	12	2014	3.95	4.13	3.84	4.06
708	1	12	2014	3.77	3.91	3.61	3.68
707	28	11	2014	3.19	3.36	3.17	3.32
706	26	11	2014	2.86	2.99	2.65	2.99
705	25	11	2014	3.18	3.19	2.8	2.83
704	24	11	2014	3.19	3.21	3.06	3.11
703	21	11	2014	2.76	2.89	2.7	2.87
702	20	11	2014	2.61	2.9	2.5	2.56
701	19	11	2014	2.68	2.77	2.5	2.71
700	18	11	2014	3.05	3.23	2.88	3.02
699	17	11	2014	3.39	3.39	2.9	2.98
698	14	11	2014	3.79	3.99	3.6	3.62
697	13	11	2014	3.56	3.91	3.44	3.84
696	12	11	2014	3.37	3.46	3.3	3.43
695	11	11	2014	3.41	3.42	3.11	3.3
694	10	11	2014	2.92	3.25	2.83	3.13
693	7	11	2014	3.13	3.18	2.78	2.98
692	6	11	2014	3.5	3.66	2.85	2.91
691	5	11	2014	3.44	3.59	3.4	3.46
690	4	11	2014	3.81	3.85	3.5	3.59
689	3	11	2014	3.99	4.07	3.87	3.91
688	31	10	2014	4.37	4.59	4.25	4.46
687	30	10	2014	4.66	4.81	4.61	4.63
686	29	10	2014	4.84	4.91	4.55	4.78
685	28	10	2014	5.38	5.49	4.9	4.97
684	27	10	2014	5.41	5.5	5.22	5.43
683	24	10	2014	5.32	5.42	5.14	5.15
682	23	10	2014	5.13	5.27	4.9	5.03
681	22	10	2014	4.92	5.01	4.82	4.98
680	21	10	2014	4.94	5.02	4.76	4.8
679	20	10	2014	4.81	4.95	4.8	4.89
678	17	10	2014	4.58	4.75	4.54	4.56
677	16	10	2014	4.48	4.67	4.43	4.47
676	15	10	2014	4.56	4.62	4.44	4.46
675	14	10	2014	4.07	4.46	4.04	4.42
674	13	10	2014	4.3	4.33	4.1	4.17
673	10	10	2014	4.27	4.38	4.22	4.3
672	9	10	2014	4.37	4.45	4.04	4.28
671	8	10	2014	4.17	4.36	4.13	4.31
670	7	10	2014	4.17	4.19	3.99	4.07
669	6	10	2014	4.16	4.22	4.09	4.15
668	3	10	2014	4.05	4.07	3.78	3.82
667	2	10	2014	3.99	4.21	3.92	4.03
666	1	10	2014	3.55	3.89	3.53	3.87
665	30	9	2014	3.59	3.68	3.55	3.62
664	29	9	2014	3.81	3.85	3.52	3.66
663	26	9	2014	4.05	4.07	3.87	3.92
662	25	9	2014	4.23	4.38	3.94	3.97
661	24	9	2014	4.36	4.46	4.07	4.16
660	23	9	2014	4.19	4.42	4.14	4.38
659	22	9	2014	4.22	4.44	4.19	4.29
658	19	9	2014	4.27	4.32	4.21	4.3
657	18	9	2014	3.82	4.1	3.8	4.08
656	17	9	2014	3.8	3.86	3.77	3.82
655	16	9	2014	4.23	4.25	3.85	3.87
654	15	9	2014	4.1	4.17	4.04	4.08
653	12	9	2014	4.53	4.57	4.33	4.37
652	11	9	2014	4.26	4.5	4.15	4.39
651	10	9	2014	4.04	4.11	4	4.07
650	9	9	2014	3.97	4.04	3.92	4.02
649	8	9	2014	4.47	4.53	4.29	4.33
648	5	9	2014	4.53	4.68	4.48	4.58
647	4	9	2014	4.42	4.64	4.33	4.49
646	3	9	2014	4.37	4.5	4.35	4.42
645	2	9	2014	4.11	4.31	4.04	4.25
644	29	8	2014	3.95	3.96	3.77	3.78
643	28	8	2014	3.89	4.08	3.77	3.86
642	27	8	2014	3.99	4.22	3.91	3.98
641	26	8	2014	4.05	4.2	4.02	4.1
640	25	8	2014	4.13	4.19	4.07	4.09
639	22	8	2014	4.27	4.45	4.26	4.38
638	21	8	2014	4.33	4.59	4.21	4.29
637	20	8	2014	4.4	4.59	4.39	4.47
636	19	8	2014	4.35	4.42	4.22	4.34
635	18	8	2014	4.64	4.69	4.51	4.64
634	15	8	2014	4.62	4.75	4.6	4.64
633	14	8	2014	4.49	4.5	4.06	4.32
632	13	8	2014	4.34	4.58	4.31	4.54
631	12	8	2014	4.13	4.17	4	4.09
630	11	8	2014	4.04	4.28	4.04	4.1
629	8	8	2014	4.31	4.36	4.13	4.13
628	7	8	2014	4.16	4.51	4.11	4.42
627	6	8	2014	4.38	4.46	4.22	4.24
626	5	8	2014	4.39	4.45	4.34	4.4
625	4	8	2014	4.72	4.73	4.55	4.58
624	1	8	2014	4.74	4.77	4.48	4.74
623	31	7	2014	4.83	4.91	4.42	4.63
622	30	7	2014	4.84	4.95	4.77	4.85
621	29	7	2014	4.86	5	4.67	4.69
620	28	7	2014	4.58	4.99	4.56	4.9
619	25	7	2014	4.76	4.89	4.74	4.82
618	24	7	2014	4.82	4.83	4.43	4.62
617	23	7	2014	4.77	4.9	4.7	4.88
616	22	7	2014	4.66	4.86	4.64	4.84
615	21	7	2014	4.47	4.63	4.46	4.54
614	18	7	2014	4.26	4.32	4.24	4.28
613	17	7	2014	3.99	4.32	3.98	4.22
612	16	7	2014	3.79	3.85	3.75	3.83
611	15	7	2014	3.77	3.93	3.74	3.91
610	14	7	2014	3.75	3.91	3.72	3.74
609	11	7	2014	3.84	3.87	3.75	3.77
608	10	7	2014	3.7	3.85	3.64	3.84
607	9	7	2014	3.61	3.72	3.55	3.71
606	8	7	2014	3.61	3.8	3.52	3.56
605	7	7	2014	3.43	3.61	3.42	3.52
604	3	7	2014	3.33	3.35	3.17	3.24
603	2	7	2014	3.18	3.32	3.18	3.27
602	1	7	2014	3.12	3.14	3.02	3.11
601	30	6	2014	3.15	3.25	3	3.07
600	27	6	2014	3.19	3.25	3.12	3.14
599	26	6	2014	2.85	3.18	2.85	3.09
598	25	6	2014	2.82	2.95	2.81	2.87
597	24	6	2014	3	3.03	2.85	2.92
596	23	6	2014	3.03	3.08	2.98	3.06
595	20	6	2014	2.89	2.94	2.85	2.85
594	19	6	2014	2.7	2.84	2.63	2.8
593	18	6	2014	2.57	2.73	2.57	2.7
592	17	6	2014	2.66	2.67	2.58	2.62
591	16	6	2014	2.6	2.69	2.52	2.62
590	13	6	2014	2.6	2.63	2.54	2.58
589	12	6	2014	3	3.03	2.59	2.59
588	11	6	2014	2.98	3.09	2.95	3.05
587	10	6	2014	2.93	3.05	2.9	3.02
586	9	6	2014	2.76	2.85	2.7	2.82
585	6	6	2014	2.75	2.79	2.69	2.7
584	5	6	2014	2.79	2.96	2.7	2.78
583	4	6	2014	2.94	2.94	2.84	2.85
582	3	6	2014	2.85	2.93	2.82	2.92
581	2	6	2014	3.07	3.08	2.9	2.91
580	30	5	2014	3.11	3.16	2.96	3.01
579	29	5	2014	2.9	3.08	2.84	2.98
578	28	5	2014	3.09	3.11	2.89	2.93
577	27	5	2014	3.31	3.31	3.12	3.18
576	23	5	2014	3.38	3.47	3.35	3.36
575	22	5	2014	3.24	3.5	3.18	3.44
574	21	5	2014	3.12	3.24	3.09	3.21
573	20	5	2014	3.2	3.22	3.05	3.1
572	19	5	2014	3.22	3.27	3.13	3.25
571	16	5	2014	3.35	3.38	3.3	3.37
570	15	5	2014	3.53	3.6	3.16	3.31
569	14	5	2014	3.47	3.57	3.42	3.46
568	13	5	2014	3.37	3.55	3.34	3.49
567	12	5	2014	3.28	3.37	3.25	3.36
566	9	5	2014	3.11	3.2	3.11	3.14
565	8	5	2014	2.81	3.07	2.81	3.05
564	7	5	2014	2.7	2.82	2.69	2.75
563	6	5	2014	2.71	2.73	2.66	2.66
562	5	5	2014	2.83	2.88	2.8	2.85
561	2	5	2014	2.76	2.9	2.76	2.86
560	1	5	2014	2.69	2.84	2.67	2.82
559	30	4	2014	2.73	2.76	2.6	2.69
558	29	4	2014	2.73	2.75	2.61	2.62
557	28	4	2014	2.78	2.79	2.66	2.74
556	25	4	2014	2.9	2.98	2.89	2.95
555	24	4	2014	2.72	2.89	2.69	2.87
554	23	4	2014	2.74	2.81	2.71	2.78
553	22	4	2014	2.81	2.83	2.75	2.76
552	21	4	2014	2.78	2.87	2.73	2.84
551	17	4	2014	3.26	3.31	2.8	2.82
550	16	4	2014	3.18	3.23	3.14	3.22
549	15	4	2014	3.09	3.22	3.02	3.15
548	14	4	2014	3.19	3.2	3.13	3.16
547	11	4	2014	3.02	3.08	2.99	3.04
546	10	4	2014	3.23	3.26	2.89	3.04
545	9	4	2014	3.28	3.29	3.12	3.16
544	8	4	2014	3.28	3.29	3.2	3.23
543	7	4	2014	3.31	3.4	3.27	3.37
542	4	4	2014	3.43	3.5	3.37	3.49
541	3	4	2014	3.52	3.65	3.36	3.47
540	2	4	2014	3.71	3.76	3.58	3.65
539	1	4	2014	3.75	3.89	3.71	3.87
538	31	3	2014	3.62	3.72	3.59	3.62
537	28	3	2014	3.31	3.41	3.29	3.4
536	27	3	2014	3.55	3.59	3.26	3.36
535	26	3	2014	3.67	3.74	3.56	3.66
534	25	3	2014	3.67	3.72	3.55	3.6
533	24	3	2014	3.95	4.02	3.9	3.93
532	21	3	2014	3.9	3.97	3.86	3.89
531	20	3	2014	3.67	3.81	3.61	3.74
530	19	3	2014	3.63	3.67	3.52	3.55
529	18	3	2014	3.54	3.63	3.52	3.6
528	17	3	2014	3.43	3.51	3.39	3.49
527	14	3	2014	3.72	3.8	3.65	3.67
526	13	3	2014	3.7	3.85	3.64	3.77
525	12	3	2014	3.58	3.6	3.46	3.53
524	11	3	2014	3.36	3.4	3.26	3.36
523	10	3	2014	3.34	3.44	3.23	3.26
522	7	3	2014	3.22	3.42	3.22	3.32
521	6	3	2014	3.45	3.53	3.16	3.26
520	5	3	2014	3.42	3.59	3.28	3.44
519	4	3	2014	3.39	3.62	3.25	3.36
518	3	3	2014	3.37	3.75	3.29	3.67
517	28	2	2014	3.52	3.59	3.3	3.42
516	27	2	2014	3.67	3.77	3.53	3.74
515	26	2	2014	3.53	3.66	3.42	3.61
514	25	2	2014	3.56	3.56	3.1	3.35
513	24	2	2014	2.78	3.47	2.75	3.22
512	21	2	2014	2.94	3.16	2.79	2.81
511	20	2	2014	3.03	3.18	2.9	3.11
510	19	2	2014	3.13	3.17	2.87	3.07
509	18	2	2014	3.47	3.51	3.33	3.39
508	14	2	2014	3.57	3.86	3.51	3.83
507	13	2	2014	3.89	3.97	3.63	3.71
506	12	2	2014	3.91	4.09	3.71	4.04
505	11	2	2014	4.31	4.38	3.84	3.86
504	10	2	2014	4.26	4.67	4.13	4.6
503	7	2	2014	4.03	4.23	3.71	4.14
502	6	2	2014	3.37	3.88	3.28	3.6
501	5	2	2014	2.81	3.65	2.74	3.38
500	4	2	2014	3.41	3.5	2.98	3.13
499	3	2	2014	4.36	4.44	4.1	4.16
498	31	1	2014	4.15	4.66	4.1	4.24
497	30	1	2014	3.7	4.23	3.47	4.2
496	29	1	2014	4.52	4.61	3.29	3.29
495	28	1	2014	5.36	5.36	4.63	4.79
494	27	1	2014	5.01	5.67	4.85	5.39
493	24	1	2014	5.76	5.88	4.57	4.76
492	23	1	2014	6.13	6.82	6	6.31
491	22	1	2014	6.91	7.04	6.49	6.6
490	21	1	2014	7.63	7.9	7.55	7.6
489	17	1	2014	8.16	8.33	7.89	8.32
488	16	1	2014	7.26	8.03	7.26	7.91
487	15	1	2014	7.74	8.15	7.57	8.11
486	14	1	2014	8.09	8.3	7.84	7.96
485	13	1	2014	8.82	8.94	8.29	8.31
484	10	1	2014	10.24	10.25	9.65	9.86
483	9	1	2014	9.41	10.4	9.18	10.03
482	8	1	2014	8.55	9.07	8.4	9.05
481	7	1	2014	7.94	8.75	7.88	8.39
480	6	1	2014	8.39	8.73	8.27	8.51
479	3	1	2014	8.65	9.06	8.02	8.36
478	2	1	2014	8.5	8.73	8.34	8.53
477	31	12	2013	8.35	9	8.33	8.84
476	30	12	2013	7.79	8.04	7.71	7.91
475	27	12	2013	8.03	8.39	7.9	8.39
474	26	12	2013	7.88	8.01	7.54	7.71
473	24	12	2013	7.7	7.92	7.64	7.71
472	23	12	2013	7.41	7.56	7.31	7.45
471	20	12	2013	7.83	7.88	7.52	7.73
470	19	12	2013	8.48	8.69	7.64	7.8
469	18	12	2013	8.8	9.05	8.68	8.91
468	17	12	2013	9.13	9.43	8.62	8.92
467	16	12	2013	9.05	9.15	8.75	9.07
466	13	12	2013	8.49	8.61	8.09	8.41
465	12	12	2013	8.31	8.92	8.22	8.51
464	11	12	2013	9.42	9.53	8.7	8.72
463	10	12	2013	9.17	9.64	9.14	9.33
462	9	12	2013	9.75	9.85	9.33	9.41
461	6	12	2013	9.96	10.38	9.69	10.2
460	5	12	2013	11.48	11.5	10.11	10.17
459	4	12	2013	11.42	11.73	11.26	11.66
458	3	12	2013	11.62	11.83	11.22	11.66
457	2	12	2013	12.12	12.17	11.43	11.68
456	29	11	2013	12.14	12.23	11.79	12.09
455	27	11	2013	12.64	12.69	12.13	12.25
454	26	11	2013	12.81	13.42	12.54	12.64
453	25	11	2013	12.65	13.27	12.6	12.8
452	22	11	2013	13.31	13.42	13.02	13.1
451	21	11	2013	13.98	14.33	13.55	14.02
450	20	11	2013	14.65	15.13	14.21	14.3
449	19	11	2013	14.89	15.79	14.82	15.76
448	18	11	2013	14.37	15	14.21	14.94
447	15	11	2013	14.84	15.12	14.4	14.55
446	14	11	2013	16.32	16.549999	14.88	15.04
445	13	11	2013	15.14	15.71	14.83	15.6
444	12	11	2013	14.92	15.06	14.56	14.71
443	11	11	2013	15.45	15.93	15.37	15.59
442	8	11	2013	16.01	16.02	15.35	15.59
441	7	11	2013	15.2	16.5	15.02	16.27
440	6	11	2013	16.809999	16.98	15.84	16.469999
439	5	11	2013	17.67	17.790001	16.73	16.790001
438	4	11	2013	17.530001	17.83	17.27	17.32
437	1	11	2013	16.23	16.43	16.030001	16.280001
436	31	10	2013	14.99	15.8	14.96	15.48
435	30	10	2013	14.7	15.13	14.57	14.93
434	29	10	2013	14.72	15.13	14.39	14.79
433	28	10	2013	14.25	14.59	14.09	14.49
432	25	10	2013	13.4	13.45	12.82	12.9
431	24	10	2013	14.36	14.6	13.55	13.63
430	23	10	2013	13.94	14.05	13.63	13.83
429	22	10	2013	13.7	14.24	13.23	14.04
428	21	10	2013	12.32	13.39	12.27	13.22
427	18	10	2013	12.68	12.98	12.12	12.29
426	17	10	2013	12.57	12.63	12.3	12.31
425	16	10	2013	11.61	12.33	11.37	12.28
424	15	10	2013	11.67	12.07	11.59	11.82
423	14	10	2013	11.64	12.21	11.62	11.72
422	11	10	2013	12.23	12.25	11.97	12.01
421	10	10	2013	12.31	12.57	11.87	12.45
420	9	10	2013	12.77	12.99	12.61	12.87
419	8	10	2013	12.83	12.91	12.46	12.6
418	7	10	2013	13.79	14	13.25	13.53
417	4	10	2013	14.92	15.4	14.79	15.04
416	3	10	2013	14.64	15.31	14.61	15.13
415	2	10	2013	13.65	14.75	13.62	14.69
414	1	10	2013	14.03	14.18	13.39	13.92
413	30	9	2013	14.8	15.12	14.4	14.59
412	27	9	2013	14.8	14.84	13.97	14.11
411	26	9	2013	15.12	15.73	14.23	14.41
410	25	9	2013	14.27	14.73	14.03	14.58
409	24	9	2013	13.6	14.57	13.6	14.37
408	23	9	2013	12.88	13.32	12.64	13.26
407	20	9	2013	12.54	12.71	12.35	12.43
406	19	9	2013	11.99	12.55	11.25	12.23
405	18	9	2013	12.15	12.55	12.02	12.12
404	17	9	2013	11.72	12.11	11.71	12.04
403	16	9	2013	12.73	12.74	11.87	12
402	13	9	2013	13.21	13.23	12.46	12.63
401	12	9	2013	13.94	14	12.75	12.96
400	11	9	2013	13.73	14.25	13.25	13.83
399	10	9	2013	13.63	14.08	13.58	13.65
398	9	9	2013	13.54	13.93	13.21	13.35
397	6	9	2013	14.1	14.41	13.9	14.29
396	5	9	2013	12.45	13.92	12.37	13.73
395	4	9	2013	12.85	13.09	12.64	12.73
394	3	9	2013	12.96	13.18	12.7	12.85
393	30	8	2013	13.57	13.95	13.27	13.49
392	29	8	2013	13.25	14.65	13.06	13.42
391	28	8	2013	14.23	14.62	13.79	13.87
390	27	8	2013	14.87	14.94	13.85	13.88
389	26	8	2013	14.08	14.63	14.08	14.32
388	23	8	2013	14.31	14.65	14.2	14.55
387	22	8	2013	14.6	14.62	13.8	14.09
386	21	8	2013	14.83	15.07	14.79	14.97
385	20	8	2013	14.87	15.4	14.65	15.3
384	19	8	2013	14.72	15.27	14.56	15.25
383	16	8	2013	16.299999	16.469999	16.120001	16.43
382	15	8	2013	17.17	17.17	15.69	15.77
381	14	8	2013	16.85	16.98	16.4	16.84
380	13	8	2013	17.99	18.08	17.219999	17.35
379	12	8	2013	17.25	17.58	16.59	17.469999
378	9	8	2013	17.74	19.02	17.35	18.82
377	8	8	2013	18.6	20.52	17.26	17.49
376	7	8	2013	18.110001	18.68	18.110001	18.549999
375	6	8	2013	17.09	17.59	17.02	17.530001
374	5	8	2013	17.02	17.59	16.809999	17.1
373	2	8	2013	16.4	17.1	16.27	17.030001
372	1	8	2013	15.76	17.07	15.73	16.41
371	31	7	2013	15.43	15.98	15.35	15.73
370	30	7	2013	15.41	16.01	15.13	15.65
369	29	7	2013	15.52	15.83	15.04	15.11
368	26	7	2013	13.64	14.31	13.64	14.06
367	25	7	2013	12.33	13.34	12.2	13.2
366	24	7	2013	12.39	12.8	11.95	12.65
365	23	7	2013	12.29	12.49	12.15	12.36
364	22	7	2013	13.25	13.36	12.88	12.88
363	19	7	2013	12.15	12.26	11.8	11.98
362	18	7	2013	13.16	13.38	11.55	11.85
361	17	7	2013	13.61	14.08	13.57	13.85
360	16	7	2013	13.8	13.93	12.92	13.29
359	15	7	2013	13.67	14.81	13.3	13.45
358	12	7	2013	13.53	13.8	13.18	13.71
357	11	7	2013	13.88	14.46	13.13	14.01
356	10	7	2013	12.87	13.77	12.86	13.41
355	9	7	2013	13.15	13.88	13.03	13.52
354	8	7	2013	12.89	13.11	12.47	12.91
353	5	7	2013	14.3	14.62	14.13	14.22
352	3	7	2013	14.57	14.7	13.71	14.07
351	2	7	2013	14.42	14.58	13.71	13.82
350	1	7	2013	14.62	15.23	14.4	14.72
349	28	6	2013	14.78	15.37	14.36	14.74
348	27	6	2013	13.4	14.95	13.15	14.6
347	26	6	2013	13.45	13.75	12.93	13.05
346	25	6	2013	13.01	13.84	12.99	13.63
345	24	6	2013	12.5	12.96	12.31	12.85
344	21	6	2013	11.85	12.6	11.8	12.35
343	20	6	2013	11.49	11.96	11.18	11.61
342	19	6	2013	10.96	11.11	10.79	11
341	18	6	2013	11.52	11.8	11.06	11.42
340	17	6	2013	12.25	12.31	11.5	11.63
339	14	6	2013	12.7	13.18	12.68	13.07
338	13	6	2013	13.24	13.29	12.05	12.38
337	12	6	2013	13.15	13.19	12.67	12.79
336	11	6	2013	12.91	13.39	12.83	13.34
335	10	6	2013	12.22	12.81	11.97	12.6
334	7	6	2013	12.31	12.36	12.11	12.31
333	6	6	2013	11.49	12.37	11.26	12.03
332	5	6	2013	11.07	11.08	10.8	10.91
331	4	6	2013	10.97	11	10.73	10.97
330	3	6	2013	11	11.16	10.62	10.98
329	31	5	2013	10.67	11.09	10.51	11.02
328	30	5	2013	9.92	10.82	9.6	10.69
327	29	5	2013	9.74	10.07	9.59	9.73
326	28	5	2013	9.48	9.58	9.18	9.44
325	24	5	2013	8.97	9.1	8.94	9
324	23	5	2013	9.49	9.53	8.82	8.91
323	22	5	2013	9.43	9.57	9.3	9.41
322	21	5	2013	9.56	9.61	9.2	9.32
321	20	5	2013	9.66	10.22	9.64	10.09
320	17	5	2013	11.33	11.33	10.01	10.3
319	16	5	2013	10.62	11.5	10.37	11.29
318	15	5	2013	10.39	10.58	10.3	10.32
317	14	5	2013	10.99	11.13	10.69	10.79
316	13	5	2013	11.31	11.67	11.1	11.52
315	10	5	2013	11.14	11.69	10.93	11.65
314	9	5	2013	11.27	11.88	10.77	11.14
313	8	5	2013	11.19	11.47	11.01	11.07
312	7	5	2013	11.08	11.63	10.99	11.44
311	6	5	2013	10.91	11.08	10.53	10.74
310	3	5	2013	10.76	10.95	10.42	10.5
309	2	5	2013	8.98	10.79	8.98	10.53
308	1	5	2013	8.56	8.98	8.2	8.93
307	30	4	2013	8.59	8.93	8.51	8.82
306	29	4	2013	9.13	9.19	8.52	8.6
305	26	4	2013	9.96	10.62	9.46	9.54
304	25	4	2013	9.93	10.01	9.15	9.94
303	24	4	2013	9.12	9.85	9.12	9.77
302	23	4	2013	9.12	9.45	8.86	9.43
301	22	4	2013	8.95	9.25	8.92	9.17
300	19	4	2013	8.61	8.68	8.37	8.42
299	18	4	2013	9.81	10.06	8.32	8.38
298	17	4	2013	9.91	10.21	9.71	9.81
297	16	4	2013	10.21	10.7	9.93	9.99
296	15	4	2013	9.52	10.4	9.47	10.2
295	12	4	2013	9.82	9.96	9.48	9.54
294	11	4	2013	10.69	10.98	9.92	10.16
293	10	4	2013	10.61	10.82	10.08	10.69
292	9	4	2013	10.9	11.34	10.89	11.15
291	8	4	2013	10.23	11.03	10.05	10.73
290	5	4	2013	11.1	11.34	10.39	10.43
289	4	4	2013	12.3	12.89	11.81	12.1
288	3	4	2013	12.06	12.54	11.93	12.49
287	2	4	2013	11.87	12.1	11.69	11.97
286	1	4	2013	11.9	11.92	11.3	11.36
285	28	3	2013	11.28	11.85	10.76	11.5
284	27	3	2013	11.28	11.41	10.78	10.95
283	26	3	2013	12.53	12.71	11.73	11.77
282	25	3	2013	11.76	12.8	11.71	12.71
281	22	3	2013	11.53	12.29	11.5	12.1
280	21	3	2013	11.7	12.49	11.35	12.19
279	20	3	2013	12.2	12.33	11.84	12.03
278	19	3	2013	12.42	12.48	11.78	11.88
277	18	3	2013	11.99	12.83	11.78	12.74
276	15	3	2013	12.53	13.05	12.16	12.86
275	14	3	2013	14.14	14.21	13.11	13.14
274	13	3	2013	14.94	15.09	14.64	14.81
273	12	3	2013	15.16	15.57	15	15.4
272	11	3	2013	15.76	15.78	15.18	15.32
271	8	3	2013	16.1	16.120001	15.39	15.42
270	7	3	2013	17.33	17.610001	15.76	16.08
269	6	3	2013	17.17	17.879999	16.76	17.559999
268	5	3	2013	16.379999	17.190001	16.02	16.98
267	4	3	2013	17.450001	17.67	16.809999	16.879999
266	1	3	2013	17.700001	18.32	17.129999	17.969999
265	28	2	2013	18.32	18.85	17.280001	17.66
264	27	2	2013	17.59	18.809999	16.6	18.67
263	26	2	2013	18.059999	18.51	17.77	18.25
262	25	2	2013	18.27	18.76	17.809999	17.99
261	22	2	2013	20.790001	21.23	20.059999	20.32
260	21	2	2013	20.959999	21.450001	19.639999	21.09
259	20	2	2013	20.24	20.799999	20.110001	20.52
258	19	2	2013	21.129999	21.32	20.370001	20.59
257	15	2	2013	22.209999	23.049999	22.07	22.68
256	14	2	2013	20.809999	23.049999	20.15	22.450001
255	13	2	2013	20.91	21.01	19.76	20.34
254	12	2	2013	20.530001	21.67	20.280001	21.219999
253	11	2	2013	21.74	21.76	20.33	20.6
252	8	2	2013	20.110001	21.07	19.790001	20.950001
251	7	2	2013	18.440001	20.59	18.23	20.35
250	6	2	2013	18.049999	18.719999	17.74	18.030001
249	5	2	2013	19.85	20.219999	18.32	18.540001
248	4	2	2013	20.77	20.790001	19.549999	20.190001
247	1	2	2013	19.59	20.950001	19.040001	20.639999
246	31	1	2013	20.34	21.6	18.9	19.93
245	30	1	2013	20.860001	21.15	19.77	20.02
244	29	1	2013	21.450001	21.700001	20.719999	21.309999
243	28	1	2013	20.290001	20.75	20.01	20.709999
242	25	1	2013	18	18.540001	17.65	18
241	24	1	2013	16.66	18.32	16.32	17.940001
240	23	1	2013	17.209999	17.32	16.5	16.889999
239	22	1	2013	16.6	17.57	16.35	16.860001
238	18	1	2013	17.540001	17.84	16.530001	16.639999
237	17	1	2013	18.98	19.33	17.190001	17.889999
236	16	1	2013	18.780001	19.9	18.48	18.790001
235	15	1	2013	19.82	20.33	18.35	18.75
234	14	1	2013	19.51	19.969999	19.1	19.879999
233	11	1	2013	21.790001	22.120001	20.440001	20.620001
232	10	1	2013	24.74	24.76	23.040001	23.52
231	9	1	2013	24.57	25.84	24.16	25.08
230	8	1	2013	22.799999	23.370001	22.049999	22.82
229	7	1	2013	20.690001	22.57	20.5	22.129999
228	4	1	2013	22.6	23.120001	21.41	21.969999
227	3	1	2013	24.02	24.32	22.9	23.879999
226	2	1	2013	22.950001	23.879999	22.74	22.799999
225	31	12	2012	20.110001	20.879999	19.93	20.59
224	28	12	2012	18.549999	19.280001	18.5	18.99
223	27	12	2012	20.639999	20.719999	19.65	19.950001
222	26	12	2012	20.01	20.059999	19.34	20.049999
221	24	12	2012	20.1	20.41	19.9	20.25
220	21	12	2012	18.4	19.16	17.959999	18.809999
219	20	12	2012	19.74	20.120001	18.440001	18.77
218	19	12	2012	21.389999	21.66	20.52	20.73
217	18	12	2012	19.74	20.26	18.9	19.940001
216	17	12	2012	20.67	21.389999	20.040001	20.68
215	14	12	2012	21.66	22.02	20.34	21.360001
214	13	12	2012	20.98	21.690001	20.120001	20.879999
213	12	12	2012	20.02	20.49	19.360001	19.969999
212	11	12	2012	19.120001	20.040001	18.82	19.77
211	10	12	2012	19.040001	19.610001	18.799999	19.16
210	7	12	2012	16.389999	17.719999	15.95	17.559999
209	6	12	2012	16.049999	16.719999	15.06	16.360001
208	5	12	2012	17.200001	17.299999	15.39	15.88
207	4	12	2012	17.959999	18.18	17.459999	18.07
206	3	12	2012	17.52	17.790001	16.83	17.379999
205	30	11	2012	16.34	18	16.26	17.629999
204	29	11	2012	15.63	16.67	15.51	16.610001
203	28	11	2012	14.86	15.53	14.74	14.75
202	27	11	2012	14.29	14.4	13.81	13.98
201	26	11	2012	14.05	14.38	13.84	13.97
200	23	11	2012	13.1	13.16	12.55	12.65
199	21	11	2012	13.68	13.68	12.66	12.7
198	20	11	2012	14.35	14.39	13.45	13.54
197	19	11	2012	14.35	14.85	13.94	14.61
196	16	11	2012	14.69	14.75	13.92	14.04
195	15	11	2012	14.35	15.15	13.7	15.15
194	14	11	2012	14.46	14.74	13.67	14.48
193	13	11	2012	15.28	15.4	14.53	14.59
192	12	11	2012	17.5	17.790001	16.5	16.82
191	9	11	2012	17.25	18.02	17.16	17.83
190	8	11	2012	17.4	17.74	16.280001	16.52
189	7	11	2012	16.889999	17.059999	16.59	16.93
188	6	11	2012	17.07	17.129999	16.26	16.4
187	5	11	2012	17.110001	17.35	16.709999	17.08
186	2	11	2012	16.41	17.4	16.1	17.34
185	1	11	2012	15.39	15.93	15.19	15.65
184	31	10	2012	14.73	15.54	14.71	15.45
183	26	10	2012	14.83	15.47	14.78	15.16
182	25	10	2012	14.56	15.21	14.05	14.56
181	24	10	2012	13.82	14.69	13.8	14.53
180	23	10	2012	14.35	14.35	13.42	13.72
179	22	10	2012	13.1	14.76	13	14.66
178	19	10	2012	13.24	13.36	12.72	13.23
177	18	10	2012	14.68	15.19	13.35	13.44
176	17	10	2012	14.61	14.68	14.13	14.4
175	16	10	2012	14.95	15.4	14.87	14.88
174	15	10	2012	14.96	15.37	14.67	14.88
173	12	10	2012	13.99	14.2	13.78	13.93
172	11	10	2012	14.59	14.79	13.35	13.39
171	10	10	2012	15.14	15.51	14.59	15
170	9	10	2012	16.51	16.73	14.55	15.01
169	8	10	2012	16.75	16.809999	15.69	16.02
168	5	10	2012	16.27	16.99	15.87	16.24
167	4	10	2012	15.79	16.549999	15.18	15.93
166	3	10	2012	16.01	16.719999	15.58	15.87
165	2	10	2012	15.73	16.049999	14.48	14.76
164	1	10	2012	16.23	16.280001	15.15	15.35
163	28	9	2012	18.76	18.92	17.6	17.76
162	27	9	2012	18.92	19.610001	17.9	18.450001
161	26	9	2012	21.370001	21.4	19.620001	20.129999
160	25	9	2012	23.059999	23.23	21.75	21.85
159	24	9	2012	23.790001	24.35	22.92	23.389999
158	21	9	2012	24.67	24.67	22.639999	23.059999
157	20	9	2012	25.4	26.200001	25.030001	25.299999
156	19	9	2012	24.52	26.299999	24.110001	25.4
155	18	9	2012	23.440001	25.98	23.059999	25.610001
154	17	9	2012	24.290001	24.5	23.73	24.120001
153	14	9	2012	22.92	23.35	22	22.57
152	13	9	2012	21.32	22.629999	20.530001	21.459999
151	12	9	2012	22.940001	23.190001	20.639999	20.85
150	11	9	2012	23.969999	24.790001	22.25	22.32
149	10	9	2012	31	31.42	26.950001	27.129999
148	7	9	2012	31.959999	32.450001	30.1	31.889999
147	6	9	2012	29.26	29.5	26.780001	29.459999
146	5	9	2012	28.23	29	27.4	28.5
145	4	9	2012	27.209999	27.709999	26.040001	27.23
144	31	8	2012	30.49	30.629999	28.4	28.780001
143	30	8	2012	32.200001	33.919998	29.75	30.15
142	29	8	2012	34.400002	34.5	32.099998	32.540001
141	28	8	2012	33.029999	34.919998	32.509998	34.919998
140	27	8	2012	30.790001	33.560001	30.48	33.299999
139	24	8	2012	28.33	31.299999	27.83	31.219999
138	23	8	2012	27.52	31.25	27.23	27.549999
137	22	8	2012	27.74	28.719999	26.58	26.65
136	21	8	2012	28.309999	31.17	27.379999	27.92
135	20	8	2012	29.74	30.75	28.549999	28.870001
134	17	8	2012	30.18	30.66	29.42	30.08
133	16	8	2012	29.190001	31.559999	27.34	30.65
132	15	8	2012	28.690001	29.98	28.639999	29.33
131	14	8	2012	30.040001	30.040001	27.110001	27.6
130	13	8	2012	29.65	30.860001	29	30.57
129	10	8	2012	27.75	29.75	27.75	29.190001
128	9	8	2012	26.190001	26.190001	20.9	26.190001
127	8	8	2012	25.709999	26.370001	24.92	25.530001
126	7	8	2012	26.02	26.059999	24.120001	24.85
125	6	8	2012	27.440001	28.639999	25.889999	26.219999
124	3	8	2012	26.15	27.440001	25.15	26.809999
123	2	8	2012	22.469999	26.200001	22.4	25.959999
122	1	8	2012	21.57	21.91	19.809999	21.17
121	31	7	2012	20.6	21.35	19.15	20.040001
120	30	7	2012	21.75	21.77	20	20.51
119	27	7	2012	25	26	24.57	24.870001
118	26	7	2012	23.700001	25.59	22.950001	23.58
117	25	7	2012	22.809999	24.610001	22.48	24.35
116	24	7	2012	22.91	23.48	21.790001	22.280001
115	23	7	2012	24.98	25.18	23.200001	23.67
114	20	7	2012	25.23	26.35	24.01	24.18
113	19	7	2012	28.16	28.639999	25.780001	26.290001
112	18	7	2012	31.540001	31.65	27.559999	27.98
111	17	7	2012	33.529999	33.75	32.110001	33.75
110	16	7	2012	31.23	33.84	31.09	33.139999
109	13	7	2012	32.02	32.099998	29.82	30.809999
108	12	7	2012	32.82	36	29.639999	30.889999
107	11	7	2012	34.380001	35.02	31.66	31.84
106	10	7	2012	34.049999	36.400002	33.459999	36.040001
105	9	7	2012	33.25	33.349998	31.26	31.43
104	6	7	2012	30.58	36.220001	28.34	35.360001
103	5	7	2012	31.01	32.189999	30.23	30.639999
102	3	7	2012	33.91	33.970001	32.810001	33.029999
101	2	7	2012	36.970001	36.970001	33.66	34.209999
100	29	6	2012	37.959999	39.02	34.439999	34.439999
99	28	6	2012	35.98	41.139999	33.41	37.029999
98	27	6	2012	31.549999	36.66	31	36.59
97	26	6	2012	38.919998	40.040001	35.549999	35.66
96	25	6	2012	39.009998	40.009998	38.150002	40.009998
95	22	6	2012	43.450001	43.52	40.799999	41.869999
94	21	6	2012	47.049999	47.049999	41.59	44.509998
93	20	6	2012	44.57	48.860001	44.549999	47.799999
92	19	6	2012	45.810001	48.93	44.32	46.220001
91	18	6	2012	49.59	50.439999	41.549999	42.009998
90	15	6	2012	52.950001	53	50.509998	52.029999
89	14	6	2012	82.669998	83.690002	49	49.110001
88	13	6	2012	83.32	85.120003	81.870003	84.660004
87	12	6	2012	79.639999	82.099998	77.089996	82.099998
86	11	6	2012	79.25	83.709999	77.410004	83.480003
85	8	6	2012	76.379997	76.379997	74	74.529999
84	7	6	2012	66.5	77.860001	66.489998	76.82
83	6	6	2012	63.959999	66.010002	61.16	65.040001
82	5	6	2012	61.389999	64.449997	61.080002	64.449997
81	4	6	2012	68.510002	69.389999	64.529999	64.889999
80	1	6	2012	70.959999	75.230003	70.75	74.309998
79	31	5	2012	68.349998	68.830002	60.91	67.349998
78	30	5	2012	64.550003	68.150002	63.16	65.57
77	29	5	2012	55.43	63.009998	54.599998	61.009998
76	25	5	2012	51.189999	55.360001	51.02	53.900002
75	24	5	2012	45.009998	49.349998	44.459999	48.959999
74	23	5	2012	47.32	47.470001	44.360001	44.830002
73	22	5	2012	46.799999	47.18	44.549999	46.41
72	21	5	2012	48.009998	50.77	46.98	50.029999
71	18	5	2012	49.459999	49.459999	43.43	45.400002
70	17	5	2012	53	58.110001	49.919998	50.349998
69	16	5	2012	56.349998	56.52	51.27	51.27
68	15	5	2012	61.689999	63.650002	60.259998	60.360001
67	14	5	2012	63.369999	66.389999	62.700001	66.389999
66	11	5	2012	62.869999	62.869999	59.990002	60.400002
65	10	5	2012	62.82	66.57	59.02	62.259998
64	9	5	2012	66.300003	66.639999	58.52	64.389999
63	8	5	2012	79.5	79.5	63.369999	65
62	7	5	2012	74.019997	75.93	73.82	74.690002
61	4	5	2012	78.870003	81.730003	78.57	79.309998
60	3	5	2012	76.919998	78.32	70.849998	74.949997
59	2	5	2012	76.150002	85.330002	76	83.309998
58	1	5	2012	78.879997	80.610001	73.459999	73.739998
57	30	4	2012	99.400002	99.400002	82	82.089996
56	27	4	2012	99.870003	101.900002	95.480003	95.480003
55	26	4	2012	92.209999	104.889999	84.650002	104.860001
54	25	4	2012	110.650002	110.82	96.269997	97.400002
53	24	4	2012	112	116.779999	112	116.269997
52	23	4	2012	122.080002	123.599998	109.75	109.75
51	20	4	2012	130.179993	130.289993	127.209999	127.589996
50	19	4	2012	125.75	131.440002	124	130.990005
49	18	4	2012	120.040001	123.5	117	123.5
48	17	4	2012	115.900002	121.639999	115.650002	121.639999
47	16	4	2012	110.269997	115.690002	110.25	110.339996
46	13	4	2012	112.919998	117	112.919998	115.279999
45	12	4	2012	113.629997	116.339996	104.220001	114
44	11	4	2012	105.199997	114.220001	105	113.589996
43	10	4	2012	101.32	119.949997	101.32	119.949997
42	9	4	2012	97.169998	99.540001	95	95.459999
41	5	4	2012	91.849998	99	90.989998	98.550003
40	4	4	2012	88.099998	93.129997	85.57	92.93
39	3	4	2012	90.480003	90.529999	85.199997	86.32
38	2	4	2012	99.120003	99.120003	89.690002	90.959999
37	30	3	2012	90.709999	95.089996	89.949997	95.089996
36	29	3	2012	83	92.599998	83	91.099998
35	28	3	2012	78.989998	80.080002	75.769997	76.5
34	27	3	2012	76.529999	78.82	76.32	76.800003
33	26	3	2012	73.599998	75.489998	73.150002	75.489998
32	23	3	2012	66.910004	69.730003	66.199997	69.699997
31	22	3	2012	65.849998	70.290001	65.849998	70.290001
30	21	3	2012	66.669998	66.830002	63.82	64.129997
29	20	3	2012	64.989998	65.370003	63.540001	65.370003
28	19	3	2012	66.230003	66.629997	59.84	62.740002
27	16	3	2012	64.559998	65.910004	63.66	63.990002
26	15	3	2012	68.379997	68.379997	64.720001	68.260002
25	14	3	2012	66.290001	68.589996	64.610001	66.629997
24	13	3	2012	73.75	75.300003	64.900002	64.900002
23	12	3	2012	72.75	72.75	72.32	72.32
22	9	3	2012	69.889999	69.889999	65.989998	66.120003
21	8	3	2012	67.809998	73.160004	67.230003	68.330002
20	7	3	2012	69.32	69.32	67.5	67.5
19	6	3	2012	60.880001	63.93	60.880001	62.639999
18	5	3	2012	63.02	63.959999	63.02	63.959999
17	2	3	2012	52.470001	52.470001	52.470001	52.470001
16	1	3	2012	52.470001	52.470001	52.470001	52.470001
15	29	2	2012	53.360001	53.360001	48.099998	49.740002
14	28	2	2012	53.740002	53.740002	53.740002	53.740002
13	27	2	2012	44.799999	49.549999	44.799999	49.549999
12	24	2	2012	45.150002	45.77	45.150002	45.400002
11	23	2	2012	40.43	42.52	40.43	42.439999
10	22	2	2012	44.490002	44.490002	40.619999	40.66
9	21	2	2012	42.830002	43.919998	42.639999	42.639999
8	17	2	2012	42.5	42.5	38.759998	39.41
7	16	2	2012	48.369999	48.369999	48.369999	48.369999
6	15	2	2012	51.619999	51.619999	51.360001	51.360001
5	14	2	2012	46.220001	46.220001	46.220001	46.220001
4	13	2	2012	50.009998	50.009998	50.009998	50.009998
3	10	2	2012	50.009998	50.009998	50.009998	50.009998
2	9	2	2012	51.700001	51.700001	51.700001	51.700001
1	8	2	2012	51.700001	51.700001	51.700001	51.700001
